p cnf 74 65
39 0
48 0
-63 0
-72 0
-66 0
-67 0
-74 0
3 0
-36 0
-37 0
-40 0
-49 0
41 0
50 0
32 0
-68 0
-33 -34 0
33 34 0
-34 35 0
-35 34 0
42 45 0
45 42 0
-43 42 0
-43 -45 0
-42 45 43 0
-46 45 0
-46 -42 0
-45 42 46 0
-44 42 0
-44 45 0
-42 -45 44 0
-47 45 0
-47 42 0
-45 -42 47 0
-44 -51 52 0
-44 51 -52 0
-47 -52 51 0
-47 52 -51 0
-31 38 53 0
33 54 0
-33 55 0
-53 -33 56 0
-53 33 58 57 0
-54 38 57 0
-55 -38 0
-55 59 0
-56 -38 0
-56 61 60 0
-57 62 64 65 0
-58 44 0
-58 -35 0
-58 51 0
-59 38 60 0
-60 69 0
-62 70 0
-70 56 0
-64 43 0
-65 44 0
-65 -51 71 0
-71 35 0
-65 51 73 0
-69 -52 0
-69 52 0
-1 0
2 0
